"date","symbol","open","high","low","close","volume","timestamp"
"2017-01-12","VIF",10.65,10.65,10.65,10.65,81700,1484179200
"2017-01-13","VIF",12.22,12.22,12.22,12.22,29800,1484265600
"2017-01-16","VIF",14.02,14.02,11.77,11.77,41400,1484524800
"2017-01-17","VIF",11.4,11.62,11.4,11.4,17800,1484611200
"2017-01-18","VIF",11.32,11.32,11.25,11.32,9300,1484697600
"2017-01-19","VIF",10.87,10.87,10.12,10.27,6000,1484784000
"2017-01-20","VIF",11.7,11.7,11.55,11.55,300,1484870400
"2017-01-23","VIF",9.97,9.97,9.9,9.9,21600,1485129600
"2017-01-24","VIF",10.8,10.87,10.8,10.8,2700,1485216000
"2017-01-25","VIF",10.5,10.5,10.5,10.5,3000,1485302400
"2017-02-02","VIF",10.5,10.5,10.5,10.5,1000,1485993600
"2017-02-03","VIF",10.42,10.5,9.9,10.12,37700,1486080000
"2017-02-06","VIF",10.42,10.42,10.12,10.2,29000,1486339200
"2017-02-07","VIF",10.35,10.35,10.12,10.12,2700,1486425600
"2017-02-08","VIF",8.77,10.12,8.77,10.12,9600,1486512000
"2017-02-09","VIF",10.12,10.57,10.12,10.2,51200,1486598400
"2017-02-13","VIF",10.2,10.2,10.2,10.2,2800,1486944000
"2017-02-14","VIF",10.12,10.2,10.12,10.2,18100,1487030400
"2017-02-15","VIF",10.5,10.5,10.2,10.2,4100,1487116800
"2017-02-16","VIF",9,10.5,9,10.2,16800,1487203200
"2017-02-17","VIF",10.05,10.27,10.05,10.27,300,1487289600
"2017-02-20","VIF",9.97,9.97,9.97,9.97,100,1487548800
"2017-02-21","VIF",9,10.5,9,10.2,3500,1487635200
"2017-02-22","VIF",9.97,9.97,9.97,9.97,3000,1487721600
"2017-02-24","VIF",10.5,11.25,10.5,10.72,12200,1487894400
"2017-02-27","VIF",10.72,10.87,10.72,10.8,3800,1488153600
"2017-03-01","VIF",10.8,10.8,10.8,10.8,5000,1488326400
"2017-03-02","VIF",11.1,11.1,10.65,10.65,8100,1488412800
"2017-03-03","VIF",10.87,10.87,10.87,10.87,100,1488499200
"2017-03-06","VIF",10.2,10.87,10.2,10.87,11800,1488758400
"2017-03-07","VIF",9.82,10.57,9.82,10.57,300,1488844800
"2017-03-08","VIF",11.32,11.55,10.72,10.72,7000,1488931200
"2017-03-09","VIF",9.45,11.25,9.45,11.25,900,1489017600
"2017-03-10","VIF",11.32,11.32,11.17,11.25,15600,1489104000
"2017-03-13","VIF",10.5,11.85,10.5,11.85,300,1489363200
"2017-03-14","VIF",10.42,12,10.42,10.65,5200,1489449600
"2017-03-16","VIF",10.57,11.62,10.57,11.62,2100,1489622400
"2017-03-17","VIF",11.92,12,11.4,11.4,1200,1489708800
"2017-03-20","VIF",12,12,12,12,3000,1489968000
"2017-03-23","VIF",10.57,11.4,10.57,11.4,700,1490227200
"2017-03-24","VIF",11.4,11.4,11.4,11.4,500,1490313600
"2017-03-30","VIF",11.92,11.92,11.92,11.92,100,1490832000
"2017-04-03","VIF",10.87,10.87,10.87,10.87,500,1491177600
"2017-04-07","VIF",10.87,10.87,10.87,10.87,500,1491523200
"2017-04-11","VIF",11.1,11.25,11.1,11.25,2000,1491868800
"2017-04-14","VIF",11.92,11.92,11.92,11.92,100,1492128000
"2017-04-21","VIF",10.87,10.87,10.57,10.57,400,1492732800
"2017-04-24","VIF",10.57,10.57,10.5,10.5,2600,1492992000
"2017-04-25","VIF",10.5,10.5,10.5,10.5,500,1493078400
"2017-04-27","VIF",10.27,10.27,10.27,10.27,100,1493251200
"2017-05-03","VIF",9.52,11.25,9.52,11.25,200,1493769600
"2017-05-08","VIF",11.85,11.85,11.85,11.85,100,1494201600
"2017-05-09","VIF",10.5,10.5,10.5,10.5,2200,1494288000
"2017-05-10","VIF",11.1,11.1,11.1,11.1,100,1494374400
"2017-05-11","VIF",11.55,11.55,11.25,11.25,3900,1494460800
"2017-05-15","VIF",12,12,12,12,100,1494806400
"2017-05-16","VIF",11.17,11.17,11.17,11.17,200,1494892800
"2017-05-17","VIF",12,12,12,12,100,1494979200
"2017-05-23","VIF",11.25,11.25,11.25,11.25,100,1495497600
"2017-05-24","VIF",11.92,11.92,11.92,11.92,100,1495584000
"2017-05-25","VIF",10.5,10.5,10.5,10.5,1000,1495670400
"2017-05-26","VIF",9.75,9.75,9.75,9.75,100,1495756800
"2017-05-29","VIF",9.67,9.67,9.3,9.3,3500,1496016000
"2017-05-30","VIF",10.57,10.65,10.57,10.65,1500,1496102400
"2017-06-01","VIF",10.12,10.12,9.75,9.75,3200,1496275200
"2017-06-07","VIF",11.1,11.1,10.2,10.2,5100,1496793600
"2017-06-08","VIF",11.62,11.62,10.2,10.5,2400,1496880000
"2017-06-12","VIF",11.77,11.77,11.77,11.77,100,1497225600
"2017-06-16","VIF",12.07,12.07,10.05,10.12,5700,1497571200
"2017-06-19","VIF",11.1,11.1,9.6,9.6,300,1497830400
"2017-06-20","VIF",9.37,10.35,9.37,10.35,300,1497916800
"2017-06-21","VIF",9.45,9.45,9.45,9.45,200,1498003200
"2017-06-22","VIF",9.75,9.75,9.75,9.75,1800,1498089600
"2017-06-23","VIF",9.75,9.75,9.75,9.75,1100,1498176000
"2017-06-27","VIF",10.35,10.35,9.67,10.12,700,1498521600
"2017-06-28","VIF",10.05,10.05,10.05,10.05,1100,1498608000
"2017-06-29","VIF",10.65,10.8,10.65,10.8,300,1498694400
"2017-07-04","VIF",12.22,12.22,10.42,10.42,300,1499126400
"2017-07-05","VIF",10.42,10.42,10.42,10.42,100,1499212800
"2017-07-06","VIF",9.82,10.42,9.82,10.12,5300,1499299200
"2017-07-07","VIF",10.12,10.5,10.12,10.5,1500,1499385600
"2017-07-10","VIF",10.8,10.8,10.05,10.5,54600,1499644800
"2017-07-11","VIF",10.35,10.42,10.05,10.05,11300,1499731200
"2017-07-12","VIF",10.12,10.2,10.05,10.12,6200,1499817600
"2017-07-13","VIF",10.2,10.2,10.12,10.12,15300,1499904000
"2017-07-14","VIF",10.2,10.2,10.2,10.2,6200,1499990400
"2017-07-17","VIF",10.27,10.27,10.05,10.12,6900,1500249600
"2017-07-18","VIF",10.12,10.12,10.12,10.12,300,1500336000
"2017-07-19","VIF",10.12,10.12,10.12,10.12,1100,1500422400
"2017-07-20","VIF",10.5,10.5,10.5,10.5,100,1500508800
"2017-07-21","VIF",10.05,10.05,10.05,10.05,200,1500595200
"2017-07-25","VIF",11.47,11.47,11.47,11.47,100,1500940800
"2017-07-26","VIF",9.82,9.82,9.82,9.82,16900,1501027200
"2017-07-27","VIF",9.82,9.82,8.4,9.82,1800,1501113600
"2017-07-28","VIF",9.82,9.9,9.82,9.82,7700,1501200000
"2017-07-31","VIF",9.9,9.9,9.9,9.9,4000,1501459200
"2017-08-01","VIF",9.82,9.9,9.82,9.9,15100,1501545600
"2017-08-02","VIF",9.9,10.12,9.9,9.9,2600,1501632000
"2017-08-04","VIF",9.82,9.9,9.82,9.9,10500,1501804800
"2017-08-07","VIF",9.9,9.9,9.9,9.9,6100,1502064000
"2017-08-09","VIF",8.55,9.82,8.55,9.82,500,1502236800
"2017-08-10","VIF",8.25,9.9,8.25,9.9,200,1502323200
"2017-08-11","VIF",9.97,9.97,9.97,9.97,100,1502409600
"2017-08-16","VIF",9.97,9.97,9.82,9.82,3300,1502841600
"2017-08-17","VIF",9.82,9.82,9.82,9.82,2500,1502928000
"2017-08-29","VIF",9.75,9.75,9.75,9.75,2800,1503964800
"2017-08-31","VIF",9.75,9.75,9.75,9.75,1500,1504137600
"2017-09-01","VIF",9.75,9.75,9.75,9.75,1100,1504224000
"2017-09-05","VIF",9.75,9.75,9.75,9.75,2800,1504569600
"2017-09-06","VIF",9.67,9.67,9.67,9.67,1200,1504656000
"2017-09-07","VIF",9.82,9.82,9.67,9.67,1100,1504742400
"2017-09-14","VIF",10.42,10.42,10.42,10.42,8000,1505347200
"2017-09-18","VIF",9.97,9.97,9.97,9.97,200,1505692800
"2017-09-19","VIF",10.12,10.12,10.12,10.12,200,1505779200
"2017-09-20","VIF",10.12,10.12,10.12,10.12,500,1505865600
"2017-09-21","VIF",10.12,10.12,10.12,10.12,3100,1505952000
"2017-09-22","VIF",10.12,10.12,10.05,10.05,2600,1506038400
"2017-09-26","VIF",10.42,10.42,10.05,10.05,1400,1506384000
"2017-09-27","VIF",10.12,10.12,10.12,10.12,1000,1506470400
"2017-09-28","VIF",10.12,10.12,10.12,10.12,500,1506556800
"2017-09-29","VIF",10.12,10.12,10.05,10.05,3000,1506643200
"2017-10-02","VIF",10.05,10.05,10.05,10.05,800,1506902400
"2017-10-03","VIF",10.05,10.05,10.05,10.05,1400,1506988800
"2017-10-04","VIF",10.12,10.12,10.12,10.12,3500,1507075200
"2017-10-09","VIF",10.12,10.2,10.12,10.12,11600,1507507200
"2017-10-10","VIF",9.9,10.05,9.67,10.05,6200,1507593600
"2017-10-11","VIF",9.82,11.17,9.82,11.17,12800,1507680000
"2017-10-12","VIF",10.35,11.1,10.12,10.12,20000,1507766400
"2017-10-13","VIF",10.5,10.5,10.2,10.2,18400,1507852800
"2017-10-16","VIF",10.35,10.35,10.35,10.35,8400,1508112000
"2017-10-17","VIF",10.5,10.5,10.5,10.5,8500,1508198400
"2017-10-19","VIF",10.5,10.5,10.12,10.12,5900,1508371200
"2017-10-24","VIF",9.9,10.65,9.9,10.65,7300,1508803200
"2017-10-26","VIF",10.05,10.05,9.97,9.97,6000,1508976000
"2017-10-27","VIF",9.97,10.5,9.97,10.5,9600,1509062400
"2017-10-30","VIF",10.5,10.65,10.5,10.5,19500,1509321600
"2017-10-31","VIF",10.5,10.5,10.5,10.5,18600,1509408000
"2017-11-01","VIF",10.5,10.5,10.5,10.5,2000,1509494400
"2017-11-02","VIF",10.65,10.87,10.65,10.87,24900,1509580800
"2017-11-06","VIF",11.47,11.47,10.27,10.27,1800,1509926400
"2017-11-07","VIF",11.4,11.4,10.5,10.5,4200,1510012800
"2017-11-08","VIF",10.5,10.5,10.5,10.5,8000,1510099200
"2017-11-09","VIF",10.2,10.95,9.75,10.95,10100,1510185600
"2017-11-10","VIF",10.5,10.87,10.42,10.42,5400,1510272000
"2017-11-16","VIF",10.5,10.5,10.5,10.5,1000,1510790400
"2017-11-17","VIF",10.5,10.5,10.5,10.5,1000,1510876800
"2017-11-22","VIF",10.12,10.5,9.97,10.5,3200,1511308800
"2017-11-23","VIF",10.5,10.5,10.05,10.05,3000,1511395200
"2017-11-24","VIF",10.05,10.05,9.9,9.9,2100,1511481600
"2017-11-27","VIF",10.12,10.12,9.9,9.9,900,1511740800
"2017-11-28","VIF",9.9,10.27,9.9,10.2,5000,1511827200
"2017-11-30","VIF",10.35,10.35,10.35,10.35,100,1512000000
"2017-12-01","VIF",10.35,10.72,10.35,10.42,23900,1512086400
"2017-12-04","VIF",10.8,10.8,10.35,10.57,2900,1512345600
"2017-12-05","VIF",10.5,10.5,10.5,10.5,2800,1512432000
"2017-12-06","VIF",10.5,10.65,10.5,10.65,1100,1512518400
"2017-12-07","VIF",10.42,10.42,10.42,10.42,500,1512604800
"2017-12-11","VIF",10.42,10.42,10.35,10.35,1200,1512950400
"2017-12-12","VIF",10.87,10.87,10.87,10.87,100,1513036800
"2017-12-13","VIF",12,12,9.97,9.97,1100,1513123200
"2017-12-18","VIF",10.12,10.12,10.12,10.12,1000,1513555200
"2017-12-20","VIF",9.97,9.97,9.97,9.97,1300,1513728000
"2017-12-21","VIF",10.5,10.5,10.5,10.5,1000,1513814400
"2017-12-22","VIF",10.5,10.5,10.5,10.5,100,1513900800
"2017-12-25","VIF",10.27,10.27,10.27,10.27,400,1514160000
"2017-12-27","VIF",10.35,10.8,10.35,10.8,6900,1514332800
"2017-12-29","VIF",11.85,11.85,10.35,10.35,500,1514505600
"2018-01-03","VIF",10.5,10.5,10.5,10.5,2400,1514937600
"2018-01-04","VIF",10.87,10.87,10.87,10.87,100,1515024000
"2018-01-05","VIF",10.87,10.87,10.87,10.87,100,1515110400
"2018-01-08","VIF",10.72,11.25,10.72,11.25,5600,1515369600
"2018-01-09","VIF",11.25,11.62,10.72,11.62,4000,1515456000
"2018-01-10","VIF",11.25,11.25,10.65,10.65,6300,1515542400
"2018-01-11","VIF",11.17,11.25,11.17,11.25,300,1515628800
"2018-01-12","VIF",12.9,12.9,11.25,11.47,1500,1515715200
"2018-01-16","VIF",11.25,11.25,11.25,11.25,300,1516060800
"2018-01-17","VIF",10.57,11.17,10.57,11.17,9400,1516147200
"2018-01-18","VIF",11.1,12.6,10.57,12.52,21700,1516233600
"2018-01-24","VIF",12,12,11.62,12,4600,1516752000
"2018-01-25","VIF",12,12.67,12,12.3,42100,1516838400
"2018-01-26","VIF",12.75,13.87,12.75,13.87,15200,1516924800
"2018-01-29","VIF",13.57,14.92,13.57,13.57,2900,1517184000
"2018-01-30","VIF",13.87,13.87,13.8,13.8,400,1517270400
"2018-01-31","VIF",13.65,13.65,13.5,13.5,1200,1517356800
"2018-02-01","VIF",13.5,13.5,13.5,13.5,4800,1517443200
"2018-02-02","VIF",13.5,13.87,13.5,13.87,15800,1517529600
"2018-02-05","VIF",13.65,13.65,12.97,12.97,10500,1517788800
"2018-02-06","VIF",12.75,13.65,12.75,13.65,9300,1517875200
"2018-02-07","VIF",13.42,13.5,13.42,13.5,2600,1517961600
"2018-02-08","VIF",13.5,14.62,13.5,14.1,58800,1518048000
"2018-02-09","VIF",14.1,14.25,14.1,14.25,400,1518134400
"2018-02-12","VIF",14.25,14.32,14.25,14.32,2700,1518393600
"2018-02-13","VIF",14.1,14.1,13.5,13.57,8500,1518480000
"2018-02-21","VIF",13.65,13.65,13.57,13.57,1500,1519171200
"2018-02-22","VIF",13.65,13.87,13.65,13.87,4000,1519257600
"2018-02-23","VIF",13.65,13.65,13.65,13.65,1000,1519344000
"2018-02-26","VIF",13.65,13.65,13.27,13.27,2900,1519603200
"2018-02-27","VIF",13.35,13.5,13.27,13.5,13100,1519689600
"2018-02-28","VIF",13.35,13.35,13.05,13.05,11600,1519776000
"2018-03-01","VIF",13.2,13.2,13.2,13.2,400,1519862400
"2018-03-05","VIF",13.8,13.8,13.8,13.8,200,1520208000
"2018-03-06","VIF",13.8,13.8,13.72,13.72,3500,1520294400
"2018-03-13","VIF",13.05,13.05,12.75,12.75,2000,1520899200
"2018-03-14","VIF",14.25,14.25,12.75,12.75,800,1520985600
"2018-03-15","VIF",13.35,13.5,13.35,13.5,500,1521072000
"2018-03-16","VIF",12.75,12.75,12.75,12.75,1400,1521158400
"2018-03-19","VIF",12.97,13.05,12.97,12.97,1400,1521417600
"2018-03-23","VIF",12.97,12.97,12.45,12.45,3600,1521763200
"2018-03-26","VIF",12.82,12.97,12.82,12.97,4000,1522022400
"2018-03-28","VIF",13.8,13.8,13.8,13.8,100,1522195200
"2018-03-30","VIF",12.82,12.82,12.82,12.82,4600,1522368000
"2018-04-02","VIF",13.5,13.5,13.5,13.5,2300,1522627200
"2018-04-04","VIF",13.5,13.5,13.5,13.5,1700,1522800000
"2018-04-06","VIF",13.5,13.5,13.5,13.5,2000,1522972800
"2018-04-13","VIF",13.42,13.72,13.42,13.72,4400,1523577600
"2018-04-16","VIF",11.92,11.92,11.92,11.92,100,1523836800
"2018-04-17","VIF",13.35,13.35,13.35,13.35,100,1523923200
"2018-04-20","VIF",13.57,13.57,13.57,13.57,100,1524182400
"2018-04-27","VIF",12.07,12.07,12.07,12.07,300,1524787200
"2018-05-02","VIF",13.8,13.8,13.8,13.8,100,1525219200
"2018-05-09","VIF",15.75,15.75,15.75,15.75,100,1525824000
"2018-05-10","VIF",13.42,13.42,13.42,13.42,1100,1525910400
"2018-05-15","VIF",11.47,11.47,11.47,11.47,800,1526342400
"2018-05-16","VIF",13.12,13.12,13.12,13.12,100,1526428800
"2018-05-21","VIF",11.85,11.85,11.85,11.85,500,1526860800
"2018-05-22","VIF",13.57,13.57,13.57,13.57,900,1526947200
"2018-05-25","VIF",13.35,13.35,13.35,13.35,100,1527206400
"2018-06-05","VIF",13.5,13.5,13.5,13.5,200,1528156800
"2018-06-08","VIF",13.5,13.5,13.5,13.5,1000,1528416000
"2018-06-11","VIF",11.62,11.62,11.62,11.62,1800,1528675200
"2018-06-14","VIF",11.25,13.27,11.25,13.27,200,1528934400
"2018-06-15","VIF",13.2,13.2,13.2,13.2,300,1529020800
"2018-06-21","VIF",13.65,13.65,13.65,13.65,100,1529539200
"2018-07-02","VIF",14.17,14.17,14.17,14.17,100,1530489600
"2018-07-06","VIF",13.5,13.5,13.5,13.5,100,1530835200
"2018-07-10","VIF",12,12,12,12,500,1531180800
"2018-07-11","VIF",13.42,13.42,13.42,13.42,200,1531267200
"2018-07-13","VIF",11.62,11.62,11.62,11.62,1000,1531440000
"2018-07-16","VIF",13.2,13.2,13.2,13.2,200,1531699200
"2018-07-17","VIF",12.75,12.75,12.37,12.37,2000,1531785600
"2018-07-18","VIF",13.2,13.2,13.2,13.2,800,1531872000
"2018-07-27","VIF",12.75,12.75,12.75,12.75,500,1532649600
"2018-07-30","VIF",12.75,12.75,12.75,12.75,1000,1532908800
"2018-07-31","VIF",12.67,12.67,12.67,12.67,1400,1532995200
"2018-08-01","VIF",12.75,12.75,12.75,12.75,500,1533081600
"2018-08-02","VIF",12.67,12.67,12.67,12.67,100,1533168000
"2018-08-07","VIF",12.6,12.6,12.6,12.6,100,1533600000
"2018-08-08","VIF",12.6,12.6,12.6,12.6,200,1533686400
"2018-08-10","VIF",12,12,12,12,500,1533859200
"2018-08-14","VIF",12.37,12.37,12.37,12.37,100,1534204800
"2018-08-20","VIF",11.25,11.25,11.25,11.25,200,1534723200
"2018-08-22","VIF",12.22,12.22,12.22,12.22,100,1534896000
"2018-08-23","VIF",11.25,11.25,11.25,11.25,1500,1534982400
"2018-08-24","VIF",11.25,11.25,10.5,10.5,700,1535068800
"2018-08-28","VIF",12.22,12.22,12.22,12.22,600,1535414400
"2018-09-04","VIF",13.95,13.95,13.95,13.95,100,1536019200
"2018-09-05","VIF",11.92,11.92,11.92,11.92,400,1536105600
"2018-09-07","VIF",12,12,12,12,1200,1536278400
"2018-09-12","VIF",12,12,12,12,1000,1536710400
"2018-09-19","VIF",12,12,12,12,100,1537315200
"2018-09-20","VIF",12,12,12,12,200,1537401600
"2018-09-25","VIF",12,12,12,12,1500,1537833600
"2018-09-26","VIF",11.25,11.25,11.25,11.25,300,1537920000
"2018-09-27","VIF",11.02,11.25,10.87,10.87,8500,1538006400
"2018-10-02","VIF",11.62,11.62,11.62,11.62,2000,1538438400
"2018-10-04","VIF",11.62,11.62,11.62,11.62,2500,1538611200
"2018-10-05","VIF",11.62,11.62,11.62,11.62,3000,1538697600
"2018-10-08","VIF",11.85,11.85,11.85,11.85,600,1538956800
"2018-10-09","VIF",11.7,11.7,11.62,11.62,3200,1539043200
"2018-10-11","VIF",11.62,11.62,11.62,11.62,2400,1539216000
"2018-10-17","VIF",11.62,11.62,11.62,11.62,500,1539734400
"2018-10-18","VIF",11.62,11.62,11.62,11.62,300,1539820800
"2018-10-19","VIF",11.62,11.7,11.62,11.7,3100,1539907200
"2018-10-22","VIF",11.7,11.77,11.7,11.77,1600,1540166400
"2018-10-23","VIF",11.92,11.92,11.92,11.92,800,1540252800
"2018-10-29","VIF",10.27,10.27,10.27,10.27,100,1540771200
"2018-10-30","VIF",10.95,11.25,10.95,11.25,5300,1540857600
"2018-10-31","VIF",11.77,11.77,11.25,11.25,300,1540944000
"2018-11-01","VIF",11.77,11.77,11.25,11.25,300,1541030400
"2018-11-02","VIF",12.67,12.67,11.62,11.62,200,1541116800
"2018-11-05","VIF",11.32,11.32,11.32,11.32,100,1541376000
"2018-11-06","VIF",12.82,12.82,11.62,11.62,1200,1541462400
"2018-11-07","VIF",11.62,11.62,11.62,11.62,1000,1541548800
"2018-11-08","VIF",11.47,11.47,11.47,11.47,3600,1541635200
"2018-11-12","VIF",11.1,11.1,10.72,10.72,2800,1541980800
"2018-11-16","VIF",11.25,11.25,11.25,11.25,500,1542326400
"2018-11-19","VIF",12.67,12.67,12.67,12.67,500,1542585600
"2018-11-22","VIF",14.47,14.47,11.25,11.25,800,1542844800
"2018-12-04","VIF",11.4,11.47,11.25,11.25,5500,1543881600
"2018-12-13","VIF",11.25,11.55,11.25,11.55,500,1544659200
"2018-12-14","VIF",11.32,11.32,11.32,11.32,100,1544745600
"2018-12-19","VIF",11.25,11.25,11.25,11.25,3600,1545177600
"2018-12-20","VIF",11.25,11.25,11.25,11.25,200,1545264000
"2018-12-21","VIF",11.1,11.25,11.1,11.25,1600,1545350400
"2018-12-24","VIF",12.67,12.67,12.67,12.67,500,1545609600
"2018-12-25","VIF",11.25,11.25,11.25,11.25,400,1545696000
"2019-01-04","VIF",10.95,10.95,10.95,10.95,1400,1546560000
"2019-01-07","VIF",10.95,10.95,10.95,10.95,700,1546819200
"2019-01-10","VIF",9.45,11.02,9.45,11.02,600,1547078400
"2019-01-11","VIF",11.02,11.02,11.02,11.02,200,1547164800
"2019-01-15","VIF",11.4,11.4,11.4,11.4,100,1547510400
"2019-01-16","VIF",11.32,11.4,11.32,11.4,15700,1547596800
"2019-01-17","VIF",11.25,11.25,11.25,11.25,400,1547683200
"2019-01-18","VIF",11.25,11.25,11.25,11.25,1000,1547769600
"2019-01-23","VIF",9.67,11.25,9.67,10.8,900,1548201600
"2019-01-25","VIF",9.82,9.82,9.82,9.82,200,1548374400
"2019-01-28","VIF",11.25,11.25,11.25,11.25,100,1548633600
"2019-01-30","VIF",11.25,11.25,11.25,11.25,2000,1548806400
"2019-01-31","VIF",11.32,11.32,11.32,11.32,200,1548892800
"2019-02-01","VIF",11.32,11.32,9.75,9.75,1100,1548979200
"2019-02-11","VIF",12.67,12.67,12,12,700,1549843200
"2019-02-12","VIF",12.22,12.22,12.22,12.22,1000,1549929600
"2019-02-13","VIF",12.22,12.22,12.22,12.22,2000,1550016000
"2019-02-14","VIF",12.37,12.37,12,12,4800,1550102400
"2019-02-15","VIF",12.22,12.22,12,12,2000,1550188800
"2019-02-20","VIF",12,12,12,12,5200,1550620800
"2019-02-21","VIF",10.27,12.15,10.27,12,1900,1550707200
"2019-02-22","VIF",12,12,12,12,500,1550793600
"2019-02-27","VIF",11.62,12.15,11.62,12.15,1200,1551225600
"2019-03-04","VIF",12,12,11.85,11.85,3000,1551657600
"2019-03-05","VIF",12,12,11.85,11.85,2500,1551744000
"2019-03-06","VIF",11.85,11.85,11.85,11.85,6800,1551830400
"2019-03-08","VIF",11.77,11.77,11.62,11.62,5000,1552003200
"2019-03-12","VIF",11.85,11.85,11.62,11.62,12000,1552348800
"2019-03-14","VIF",11.85,11.85,11.85,11.85,1100,1552521600
"2019-03-20","VIF",10.2,10.2,10.2,10.2,100,1553040000
"2019-03-21","VIF",11.7,11.7,11.7,11.7,1000,1553126400
"2019-03-22","VIF",12.67,12.67,12.67,12.67,1000,1553212800
"2019-03-28","VIF",12.67,12.67,12.67,12.67,100,1553731200
"2019-04-02","VIF",12.37,12.37,12.37,12.37,3000,1554163200
"2019-04-03","VIF",11.7,12.37,11.7,12.37,18200,1554249600
"2019-04-04","VIF",12.97,12.97,12.97,12.97,300,1554336000
"2019-04-08","VIF",12.75,12.75,12.75,12.75,200,1554681600
"2019-04-09","VIF",10.95,12,10.95,12,2400,1554768000
"2019-04-22","VIF",10.27,11.85,10.27,11.85,11500,1555891200
"2019-04-23","VIF",10.27,10.27,10.27,10.27,100,1555977600
"2019-04-24","VIF",11.77,11.77,11.77,11.77,3600,1556064000
"2019-04-26","VIF",10.12,11.92,10.12,11.92,4200,1556236800
"2019-05-02","VIF",10.87,11.85,10.87,11.85,1100,1556755200
"2019-05-03","VIF",10.72,10.72,10.72,10.72,100,1556841600
"2019-05-06","VIF",11.7,11.7,11.7,11.7,100,1557100800
"2019-05-09","VIF",11.85,11.85,11.25,11.25,200,1557360000
"2019-05-17","VIF",11.17,11.92,11.17,11.62,700,1558051200
"2019-05-23","VIF",12,12,12,12,100,1558569600
"2019-05-24","VIF",12,12,12,12,100,1558656000
"2019-05-28","VIF",12,12,12,12,100,1559001600
"2019-05-31","VIF",13.05,13.05,13.05,13.05,100,1559260800
"2019-06-04","VIF",15,15,15,15,100,1559606400
"2019-06-05","VIF",12.75,12.75,12.75,12.75,100,1559692800
"2019-06-06","VIF",12.37,12.37,12.37,12.37,100,1559779200
"2019-06-10","VIF",14.1,14.1,12.37,12.37,300,1560124800
"2019-06-11","VIF",12,12,12,12,400,1560211200
"2019-06-14","VIF",12.37,12.75,12.37,12.75,2000,1560470400
"2019-06-17","VIF",12.37,12.37,12.37,12.37,1400,1560729600
"2019-06-18","VIF",12.37,12.37,12.37,12.37,1600,1560816000
"2019-06-19","VIF",12.37,12.37,12.37,12.37,600,1560902400
"2019-06-20","VIF",12.22,12.37,12.22,12.37,2400,1560988800
"2019-06-25","VIF",12.37,12.37,12.37,12.37,1500,1561420800
"2019-06-26","VIF",10.65,12,10.65,12,1100,1561507200
"2019-06-27","VIF",11.92,11.92,11.92,11.92,200,1561593600
"2019-06-28","VIF",10.27,12.45,10.27,12.45,2700,1561680000
"2019-07-01","VIF",10.65,12.6,10.65,12.45,6200,1561939200
"2019-07-03","VIF",12.75,12.97,12.75,12.97,7000,1562112000
"2019-07-04","VIF",12.82,13.2,12.82,12.9,8400,1562198400
"2019-07-05","VIF",13.2,14.62,13.2,14.62,51000,1562284800
"2019-07-08","VIF",15,16.2,15,16.2,52300,1562544000
"2019-07-09","VIF",18,18,17.17,17.17,5600,1562630400
"2019-07-10","VIF",17.85,17.85,15.37,16.12,16000,1562716800
"2019-07-11","VIF",16.5,16.57,15.75,15.75,19000,1562803200
"2019-07-12","VIF",15.75,15.75,15.37,15.75,12100,1562889600
"2019-07-15","VIF",15.07,15.75,15,15.75,4700,1563148800
"2019-07-16","VIF",15.75,17.25,15.75,16.65,32400,1563235200
"2019-07-17","VIF",16.5,17.25,16.5,17.25,20600,1563321600
"2019-07-18","VIF",18,19.2,18,19.2,49800,1563408000
"2019-07-19","VIF",19.55,19.72,17.93,19.31,17500,1563494400
"2019-07-22","VIF",18.01,18.01,17.52,17.52,3500,1563753600
"2019-07-23","VIF",17.52,18.01,17.52,17.93,6900,1563840000
"2019-07-24","VIF",18.33,20.21,18.17,18.82,40400,1563926400
"2019-07-25","VIF",19.55,19.8,19.23,19.47,2900,1564012800
"2019-07-26","VIF",19.31,20.29,19.31,19.64,7200,1564099200
"2019-07-29","VIF",19.23,19.39,18.74,19.39,6600,1564358400
"2019-07-30","VIF",18.74,18.74,18.74,18.74,1000,1564444800
"2019-07-31","VIF",18.66,18.66,17.19,18.09,17500,1564531200
"2019-08-01","VIF",18.74,19.15,18.17,18.25,4300,1564617600
"2019-08-02","VIF",18.33,19.15,18.33,18.5,6200,1564704000
"2019-08-05","VIF",18.25,18.74,18.25,18.66,3700,1564963200
"2019-08-06","VIF",18.58,20.21,18.58,19.55,25900,1565049600
"2019-08-07","VIF",20.29,20.29,18.98,20.04,5000,1565136000
"2019-08-08","VIF",19.07,19.96,19.07,19.55,7500,1565222400
"2019-08-09","VIF",19.23,19.8,19.07,19.07,1700,1565308800
"2019-08-12","VIF",19.55,19.55,18.74,19.23,5000,1565568000
"2019-08-13","VIF",19.31,19.31,18.74,18.74,6500,1565654400
"2019-08-14","VIF",18.98,18.98,18.33,18.33,4300,1565740800
"2019-08-15","VIF",18.25,19.55,17.19,19.47,10200,1565827200
"2019-08-16","VIF",19.39,19.55,19.15,19.15,9800,1565913600
"2019-08-19","VIF",19.88,19.88,19.31,19.55,3600,1566172800
"2019-08-20","VIF",17.93,18.74,17.93,18.74,3100,1566259200
"2019-08-21","VIF",18.33,19.47,18.09,19.47,1500,1566345600
"2019-08-22","VIF",19.39,19.39,18.25,18.5,3100,1566432000
"2019-08-23","VIF",19.31,19.39,19.31,19.39,5100,1566518400
"2019-08-26","VIF",19.64,19.64,19.39,19.39,1400,1566777600
"2019-08-27","VIF",21.75,21.84,19.47,19.47,3700,1566864000
"2019-08-28","VIF",18.9,18.9,18.74,18.74,2100,1566950400
"2019-08-29","VIF",20.21,20.21,18.5,18.5,9100,1567036800
"2019-09-03","VIF",18.41,18.5,18.41,18.5,1100,1567468800
"2019-09-04","VIF",18.74,18.74,18.58,18.58,1200,1567555200
"2019-09-05","VIF",18.5,18.5,18.01,18.01,1000,1567641600
"2019-09-06","VIF",19.47,19.47,17.93,17.93,3200,1567728000
"2019-09-09","VIF",19.47,19.47,17.93,17.93,1300,1567987200
"2019-09-10","VIF",18.09,18.09,17.6,17.6,1500,1568073600
"2019-09-11","VIF",18.25,18.25,18.17,18.17,1200,1568160000
"2019-09-12","VIF",19.31,19.31,18.33,18.33,1500,1568246400
"2019-09-13","VIF",17.93,17.93,17.6,17.68,4300,1568332800
"2019-09-16","VIF",18.74,18.74,17.93,17.93,3100,1568592000
"2019-09-17","VIF",17.27,18.33,17.27,17.93,1200,1568678400
"2019-09-18","VIF",18.58,18.58,17.93,17.93,4100,1568764800
"2019-09-19","VIF",18.09,18.09,18.09,18.09,900,1568851200
"2019-09-20","VIF",18.5,18.5,17.52,17.52,3600,1568937600
"2019-09-23","VIF",17.6,18.17,17.6,18.01,2100,1569196800
"2019-09-24","VIF",17.52,17.6,17.52,17.6,3100,1569283200
"2019-09-26","VIF",16.7,17.52,16.7,17.52,1700,1569456000
"2019-09-27","VIF",17.11,17.93,17.11,17.84,1600,1569542400
"2019-09-30","VIF",17.84,17.84,17.84,17.84,100,1569801600
"2019-10-01","VIF",17.84,17.84,17.84,17.84,100,1569888000
"2019-10-03","VIF",17.93,17.93,17.93,17.93,100,1570060800
"2019-10-07","VIF",16.38,16.7,16.3,16.46,3000,1570406400
"2019-10-08","VIF",18.9,18.9,18.9,18.9,200,1570492800
"2019-10-09","VIF",16.3,17.93,16.13,17.68,4500,1570579200
"2019-10-10","VIF",17.03,17.52,17.03,17.52,3500,1570665600
"2019-10-11","VIF",17.44,17.44,16.79,17.36,2700,1570752000
"2019-10-14","VIF",16.7,16.7,16.3,16.3,2200,1571011200
"2019-10-15","VIF",16.54,17.03,16.3,17.03,1500,1571097600
"2019-10-16","VIF",17.36,17.76,17.11,17.11,3100,1571184000
"2019-10-17","VIF",16.7,16.7,16.21,16.3,1900,1571270400
"2019-10-18","VIF",16.3,16.3,16.3,16.3,1100,1571356800
"2019-10-22","VIF",15.56,16.13,15.56,15.64,500,1571702400
"2019-10-23","VIF",16.21,16.21,15.81,15.81,1100,1571788800
"2019-10-24","VIF",16.13,16.13,15.48,16.05,2200,1571875200
"2019-10-25","VIF",16.54,16.54,15.72,15.72,2800,1571961600
"2019-10-28","VIF",16.13,16.13,15.48,15.48,2100,1572220800
"2019-10-29","VIF",15.89,15.89,15.48,15.48,1600,1572307200
"2019-10-31","VIF",15.64,15.81,15.48,15.64,5500,1572480000
"2019-11-01","VIF",15.56,15.56,15.48,15.48,1900,1572566400
"2019-11-04","VIF",15.56,16.13,15.48,16.13,4300,1572825600
"2019-11-05","VIF",16.13,16.13,16.13,16.13,500,1572912000
"2019-11-06","VIF",16.54,16.54,16.54,16.54,200,1572998400
"2019-11-08","VIF",15.07,16.3,14.1,16.3,3600,1573171200
"2019-11-11","VIF",15.48,17.27,15.48,17.03,1600,1573430400
"2019-11-12","VIF",18.25,18.25,18.25,18.25,2200,1573516800
"2019-11-13","VIF",16.3,16.3,16.3,16.3,800,1573603200
"2019-11-14","VIF",17.36,17.36,17.36,17.36,1200,1573689600
"2019-11-15","VIF",17.27,17.27,17.27,17.27,500,1573776000
"2019-11-18","VIF",17.68,17.68,17.68,17.68,200,1574035200
"2019-11-19","VIF",18.17,18.17,17.76,17.76,4600,1574121600
"2019-11-26","VIF",18.17,18.17,17.52,17.52,800,1574726400
"2019-11-27","VIF",16.3,16.3,16.3,16.3,300,1574812800
"2019-11-28","VIF",17.84,17.84,17.84,17.84,1200,1574899200
"2019-12-02","VIF",16.3,18.09,16.3,16.38,2000,1575244800
"2019-12-04","VIF",18.17,18.17,18.17,18.17,500,1575417600
"2019-12-06","VIF",16.3,16.3,16.3,16.3,1000,1575590400
"2019-12-09","VIF",17.6,17.6,17.6,17.6,400,1575849600
"2019-12-11","VIF",16.7,16.7,16.7,16.7,300,1576022400
"2019-12-12","VIF",17.76,17.76,17.76,17.76,700,1576108800
"2019-12-13","VIF",15.15,17.03,15.15,17.03,200,1576195200
"2019-12-17","VIF",16.95,16.95,16.3,16.3,1000,1576540800
"2019-12-20","VIF",16.95,16.95,16.62,16.95,9800,1576800000
"2019-12-23","VIF",17.03,18.66,17.03,18.66,1300,1577059200
"2020-01-08","VIF",18.74,18.74,16.3,16.3,3000,1578441600
"2020-01-09","VIF",17.76,17.76,17.76,17.76,1000,1578528000
"2020-01-15","VIF",16.3,16.3,16.3,16.3,1000,1579046400
"2020-01-16","VIF",17.52,17.6,17.52,17.6,1100,1579132800
"2020-02-03","VIF",17.68,17.76,15.89,16.7,54700,1580688000
"2020-02-04","VIF",15.48,15.48,15.07,15.07,6000,1580774400
"2020-02-05","VIF",15.07,15.07,13.61,14.26,6000,1580860800
"2020-02-06","VIF",15.24,15.24,15.24,15.24,100,1580947200
"2020-02-07","VIF",16.21,16.21,13.85,15.97,4500,1581033600
"2020-02-10","VIF",14.42,15.72,14.42,15.72,2400,1581292800
"2020-02-11","VIF",16.21,16.21,16.21,16.21,100,1581379200
"2020-02-12","VIF",14.67,14.67,14.67,14.67,1000,1581465600
"2020-02-13","VIF",15.72,15.72,15.72,15.72,100,1581552000
"2020-02-17","VIF",14.26,14.99,14.26,14.99,300,1581897600
"2020-02-18","VIF",15.4,15.4,14.26,14.67,5800,1581984000
"2020-02-19","VIF",15.4,15.4,14.26,15.32,1400,1582070400
"2020-02-20","VIF",16.62,16.62,16.62,16.62,200,1582156800
"2020-02-21","VIF",14.99,14.99,14.99,14.99,500,1582243200
"2020-02-24","VIF",14.67,14.67,14.67,14.67,3400,1582502400
"2020-02-25","VIF",14.01,14.01,14.01,14.01,800,1582588800
"2020-02-26","VIF",14.5,14.59,14.5,14.59,400,1582675200
"2020-02-27","VIF",15.24,15.24,15.24,15.24,100,1582761600
"2020-03-02","VIF",15.07,15.07,15.07,15.07,2500,1583107200
"2020-03-03","VIF",15.07,15.07,13.93,14.99,1300,1583193600
"2020-03-05","VIF",13.93,16.13,13.93,15.07,500,1583366400
"2020-03-09","VIF",13.93,13.93,13.61,13.61,1500,1583712000
"2020-03-10","VIF",12.38,14.18,12.3,13.61,4200,1583798400
"2020-03-11","VIF",13.61,13.61,13.61,13.61,300,1583884800
"2020-03-12","VIF",14.75,14.75,12.47,13.61,6700,1583971200
"2020-03-13","VIF",14.18,14.18,13.61,13.93,1100,1584057600
"2020-03-16","VIF",13.93,14.1,13.93,14.1,500,1584316800
"2020-03-18","VIF",14.01,14.1,14.01,14.1,1300,1584489600
"2020-03-19","VIF",15.4,15.4,15.4,15.4,100,1584576000
"2020-03-20","VIF",13.93,15.4,13.93,15.32,1200,1584662400
"2020-03-23","VIF",13.85,14.83,13.85,14.83,200,1584921600
"2020-03-25","VIF",13.44,14.42,13.44,14.42,1100,1585094400
"2020-03-26","VIF",14.75,14.75,13.04,13.44,1600,1585180800
"2020-03-27","VIF",14.18,14.18,13.04,13.85,1400,1585267200
"2020-03-30","VIF",12.47,13.36,12.47,12.47,1300,1585526400
"2020-03-31","VIF",12.87,13.53,11.33,13.53,4500,1585612800
"2020-04-01","VIF",12.22,12.22,12.22,12.22,2100,1585699200
"2020-04-03","VIF",13.28,13.28,13.28,13.28,200,1585872000
"2020-04-07","VIF",14.01,14.01,13.2,13.44,1500,1586217600
"2020-04-08","VIF",12.14,12.14,12.14,12.14,3800,1586304000
"2020-04-09","VIF",13.12,13.12,12.14,12.14,2100,1586390400
"2020-04-10","VIF",12.14,12.14,11.81,11.81,2300,1586476800
"2020-04-13","VIF",12.79,12.79,12.22,12.22,2400,1586736000
"2020-04-14","VIF",13.12,13.12,11.9,11.98,1100,1586822400
"2020-04-15","VIF",11.41,12.87,11.41,12.87,200,1586908800
"2020-04-16","VIF",12.96,12.96,11.81,11.81,600,1586995200
"2020-04-17","VIF",11.9,12.87,11.9,12.06,400,1587081600
"2020-04-20","VIF",12.14,12.14,12.14,12.14,1100,1587340800
"2020-04-21","VIF",12.06,12.06,11.81,11.81,1100,1587427200
"2020-04-22","VIF",12.87,12.96,12.14,12.96,4000,1587513600
"2020-04-23","VIF",12.55,13.85,12.55,13.85,200,1587600000
"2020-04-24","VIF",13.69,14.1,13.69,14.1,1200,1587686400
"2020-04-27","VIF",13.44,14.5,13.44,14.5,200,1587945600
"2020-04-29","VIF",15.4,15.4,15.4,15.4,100,1588118400
"2020-05-04","VIF",14.01,14.01,14.01,14.01,1000,1588550400
"2020-05-05","VIF",14.75,14.75,14.75,14.75,100,1588636800
"2020-05-07","VIF",13.85,13.85,13.85,13.85,100,1588809600
"2020-05-08","VIF",13.04,14.18,13.04,14.1,2800,1588896000
"2020-05-11","VIF",14.91,14.91,14.91,14.91,100,1589155200
"2020-05-12","VIF",13.85,14.01,13.85,13.85,1300,1589241600
"2020-05-13","VIF",14.34,14.34,13.44,14.26,400,1589328000
"2020-05-15","VIF",13.85,13.85,13.44,13.44,400,1589500800
"2020-05-19","VIF",14.75,14.75,14.75,14.75,100,1589846400
"2020-05-20","VIF",13.53,13.53,13.44,13.44,3000,1589932800
"2020-05-21","VIF",14.18,14.18,13.04,13.04,1000,1590019200
"2020-05-22","VIF",13.53,13.53,13.53,13.53,900,1590105600
"2020-05-25","VIF",13.53,14.1,13.53,14.1,600,1590364800
"2020-05-27","VIF",13.12,14.1,13.12,14.1,1400,1590537600
"2020-05-28","VIF",13.44,14.01,13.44,14.01,300,1590624000
"2020-06-01","VIF",12.71,14.18,12.71,14.18,1100,1590969600
"2020-06-02","VIF",14.1,14.18,14.1,14.18,700,1591056000
"2020-06-03","VIF",13.44,13.44,13.28,13.28,3000,1591142400
"2020-06-05","VIF",13.28,13.28,13.28,13.28,1600,1591315200
"2020-06-09","VIF",13.77,13.77,13.77,13.77,2000,1591660800
"2020-06-12","VIF",13.04,13.04,13.04,13.04,100,1591920000
"2020-06-16","VIF",13.04,13.04,13.04,13.04,100,1592265600
"2020-06-17","VIF",13.85,13.85,13.85,13.85,200,1592352000
"2020-06-18","VIF",13.36,13.53,13.36,13.53,300,1592438400
"2020-06-19","VIF",13.77,13.77,13.77,13.77,300,1592524800
"2020-06-22","VIF",13.36,13.36,13.36,13.36,100,1592784000
"2020-06-23","VIF",13.85,13.85,13.77,13.77,500,1592870400
"2020-06-26","VIF",13.85,13.85,13.85,13.85,100,1593129600
"2020-07-01","VIF",14.59,14.59,13.85,13.85,300,1593561600
"2020-07-02","VIF",13.85,13.85,13.85,13.85,900,1593648000
"2020-07-06","VIF",13.85,13.85,13.85,13.85,2000,1593993600
"2020-07-13","VIF",13.85,14.59,13.85,14.59,2600,1594598400
"2020-07-14","VIF",15.81,15.81,13.53,14.01,3400,1594684800
"2020-07-15","VIF",14.42,14.5,13.77,14.18,2600,1594771200
"2020-07-16","VIF",14.42,15.32,13.53,13.53,3200,1594857600
"2020-07-17","VIF",14.5,14.5,13.85,14.5,1600,1594944000
"2020-07-20","VIF",14.5,14.67,14.42,14.5,5200,1595203200
"2020-07-21","VIF",13.93,14.42,13.93,14.42,200,1595289600
"2020-07-22","VIF",14.5,14.59,13.93,14.34,1200,1595376000
"2020-07-23","VIF",14.42,14.5,14.26,14.26,2300,1595462400
"2020-07-24","VIF",14.26,14.34,13.85,13.85,6100,1595548800
"2020-07-27","VIF",14.4,14.4,14.4,14.4,100,1595808000
"2020-07-28","VIF",14.31,14.49,14.31,14.4,1700,1595894400
"2020-07-29","VIF",14.49,14.49,14.22,14.22,200,1595980800
"2020-07-30","VIF",14.49,14.49,14.49,14.49,200,1596067200
"2020-08-03","VIF",15.58,15.58,14.31,15.58,3500,1596412800
"2020-08-04","VIF",14.13,14.95,14.13,14.58,6400,1596499200
"2020-08-05","VIF",15.4,15.4,15.31,15.31,6200,1596585600
"2020-08-06","VIF",15.13,15.86,15.13,15.86,3600,1596672000
"2020-08-07","VIF",17.32,17.32,15.13,15.13,4000,1596758400
"2020-08-10","VIF",16.49,16.49,15.58,15.58,4300,1597017600
"2020-08-11","VIF",16.95,16.95,15.04,15.58,5400,1597104000
"2020-08-12","VIF",15.31,16.31,15.31,15.58,1400,1597190400
"2020-08-13","VIF",16.77,16.77,15.31,16.31,2400,1597276800
"2020-08-14","VIF",15.4,16.13,15.31,16.13,4600,1597363200
"2020-08-17","VIF",16.22,16.22,15.49,15.49,400,1597622400
"2020-08-18","VIF",15.31,15.86,15.31,15.86,900,1597708800
"2020-08-19","VIF",15.04,15.4,15.04,15.4,5000,1597795200
"2020-08-20","VIF",14.58,15.4,14.58,15.13,4000,1597881600
"2020-08-21","VIF",16.22,16.22,15.04,15.13,1700,1597968000
"2020-08-24","VIF",15.31,15.31,15.31,15.31,500,1598227200
"2020-08-25","VIF",15.49,15.49,14.76,14.76,3400,1598313600
"2020-08-26","VIF",14.76,15.4,14.76,15.22,2900,1598400000
"2020-08-27","VIF",15.31,15.49,15.31,15.49,1200,1598486400
"2020-08-28","VIF",15.58,15.86,15.58,15.86,2200,1598572800
"2020-08-31","VIF",16.4,16.4,16.13,16.4,400,1598832000
"2020-09-01","VIF",15.4,15.86,15.4,15.58,1700,1598918400
"2020-09-03","VIF",15.31,16.22,15.31,15.95,6300,1599091200
"2020-09-07","VIF",15.04,15.95,14.67,15.95,5000,1599436800
"2020-09-08","VIF",16.04,16.04,14.85,15.95,1500,1599523200
"2020-09-09","VIF",16.04,16.04,16.04,16.04,100,1599609600
"2020-09-11","VIF",14.85,15.77,14.85,15.77,1300,1599782400
"2020-09-15","VIF",15.13,15.13,15.13,15.13,3000,1600128000
"2020-09-16","VIF",15.77,15.77,15.77,15.77,200,1600214400
"2020-09-17","VIF",15.67,15.67,15.67,15.67,100,1600300800
"2020-09-18","VIF",15.13,15.49,15.13,15.49,2500,1600387200
"2020-09-21","VIF",15.77,15.77,15.77,15.77,100,1600646400
"2020-09-22","VIF",16.31,16.31,15.04,15.67,2800,1600732800
"2020-09-24","VIF",15.49,15.49,15.04,15.4,700,1600905600
"2020-09-25","VIF",15.4,15.4,15.4,15.4,1100,1600992000
"2020-09-28","VIF",15.4,15.4,15.13,15.13,600,1601251200
"2020-09-29","VIF",15.04,15.04,14.22,14.22,21200,1601337600
"2020-09-30","VIF",15.49,15.49,15.49,15.49,100,1601424000
"2020-10-01","VIF",16.68,16.68,15.49,15.49,2100,1601510400
"2020-10-02","VIF",14.31,15.31,14.31,15.04,4500,1601596800
"2020-10-05","VIF",15.77,15.77,15.04,15.22,2400,1601856000
"2020-10-06","VIF",15.4,15.95,14.58,15.77,14300,1601942400
"2020-10-08","VIF",15.58,15.67,15.58,15.58,8400,1602115200
"2020-10-09","VIF",14.76,15.67,14.76,15.13,3700,1602201600
"2020-10-12","VIF",14.4,15.4,14.4,14.95,2300,1602460800
"2020-10-13","VIF",14.31,15.49,14.31,15.49,8700,1602547200
"2020-10-14","VIF",15.49,15.49,14.95,14.95,5500,1602633600
"2020-10-15","VIF",15.31,15.67,15.31,15.67,2200,1602720000
"2020-10-16","VIF",15.49,15.49,15.49,15.49,2500,1602806400
"2020-10-19","VIF",14.85,15.77,14.85,15.77,300,1603065600
"2020-10-20","VIF",15.49,15.77,15.49,15.77,2400,1603152000
"2020-10-21","VIF",15.86,15.95,15.86,15.86,7200,1603238400
"2020-10-23","VIF",15.77,15.77,15.77,15.77,600,1603411200
"2020-10-29","VIF",14.95,14.95,14.95,14.95,1000,1603929600
"2020-11-02","VIF",15.22,16.4,15.22,16.4,2000,1604275200
"2020-11-03","VIF",16.22,16.22,15.95,15.95,3100,1604361600
"2020-11-04","VIF",14.85,14.85,14.85,14.85,600,1604448000
"2020-11-05","VIF",15.04,15.04,15.04,15.04,3800,1604534400
"2020-11-06","VIF",16.13,16.13,16.13,16.13,100,1604620800
"2020-11-09","VIF",16.77,16.77,15.04,15.04,9600,1604880000
"2020-11-10","VIF",14.76,15.86,14.76,15.04,3200,1604966400
"2020-11-11","VIF",15.86,15.86,15.86,15.86,100,1605052800
"2020-11-12","VIF",15.04,15.49,15.04,15.49,4700,1605139200
"2020-11-13","VIF",15.67,15.67,15.4,15.4,300,1605225600
"2020-11-17","VIF",15.04,15.31,15.04,15.31,3500,1605571200
"2020-11-18","VIF",15.13,15.13,14.67,14.67,500,1605657600
"2020-11-19","VIF",15.31,15.31,14.76,14.76,2700,1605744000
"2020-11-20","VIF",15.31,15.31,15.04,15.04,300,1605830400
"2020-11-24","VIF",15.31,15.31,15.31,15.31,100,1606176000
"2020-11-25","VIF",14.76,15.04,14.76,15.04,1100,1606262400
"2020-11-27","VIF",16.31,16.31,14.76,14.95,2400,1606435200
"2020-11-30","VIF",15.31,15.31,15.04,15.04,4400,1606694400
"2020-12-01","VIF",15.58,15.58,15.58,15.58,100,1606780800
"2020-12-03","VIF",15.13,15.31,15.13,15.31,3300,1606953600
"2020-12-07","VIF",15.04,16.68,15.04,15.49,9700,1607299200
"2020-12-08","VIF",15.4,16.04,15.4,15.95,2100,1607385600
"2020-12-09","VIF",15.86,15.86,15.58,15.58,2400,1607472000
"2020-12-10","VIF",16.04,16.04,16.04,16.04,100,1607558400
"2020-12-11","VIF",17.22,17.22,17.22,17.22,100,1607644800
"2020-12-14","VIF",16.4,16.4,16.4,16.4,200,1607904000
"2020-12-16","VIF",15.13,15.86,15.04,15.86,6500,1608076800
"2020-12-17","VIF",17.32,17.32,15.67,15.67,400,1608163200
"2020-12-18","VIF",16.22,16.22,16.22,16.22,100,1608249600
"2020-12-21","VIF",15.58,15.58,14.95,15.04,10600,1608508800
"2020-12-22","VIF",15.77,15.77,15.77,15.77,300,1608595200
"2020-12-23","VIF",15.4,15.49,14.95,15.49,11600,1608681600
"2020-12-24","VIF",15.67,15.67,15.31,15.31,2900,1608768000
"2020-12-25","VIF",15.22,15.4,14.76,15.22,2800,1608854400
"2020-12-28","VIF",15.58,15.58,15.58,15.58,100,1609113600
"2020-12-30","VIF",15.04,15.4,14.95,15.31,2100,1609286400
"2020-12-31","VIF",15.31,15.31,15.04,15.31,7800,1609372800
"2021-01-04","VIF",15.31,15.67,15.31,15.67,2300,1609718400
"2021-01-05","VIF",15.49,15.67,15.31,15.31,2400,1609804800
"2021-01-06","VIF",15.49,15.67,15.49,15.49,10600,1609891200
"2021-01-07","VIF",15.86,15.86,15.86,15.86,200,1609977600
"2021-01-11","VIF",15.04,15.67,14.58,15.67,9500,1610323200
"2021-01-12","VIF",15.67,15.95,15.04,15.86,3200,1610409600
"2021-01-13","VIF",15.31,15.86,15.04,15.86,5800,1610496000
"2021-01-14","VIF",15.49,15.67,15.49,15.67,5800,1610582400
"2021-01-15","VIF",15.67,15.95,15.67,15.95,3500,1610668800
"2021-01-18","VIF",15.95,16.31,15.67,15.67,29900,1610928000
"2021-01-19","VIF",15.67,15.67,15.49,15.67,17200,1611014400
"2021-01-20","VIF",15.67,15.67,15.67,15.67,2000,1611100800
"2021-01-21","VIF",15.67,15.95,15.67,15.95,17600,1611187200
"2021-01-22","VIF",15.95,16.4,15.95,16.4,17700,1611273600
"2021-01-25","VIF",16.49,16.49,16.22,16.22,4000,1611532800
"2021-01-26","VIF",16.22,16.22,15.95,15.95,2900,1611619200
"2021-01-27","VIF",16.04,16.04,15.95,15.95,1200,1611705600
"2021-01-28","VIF",15.95,15.95,14.67,14.67,4500,1611792000
"2021-01-29","VIF",15.4,15.49,15.4,15.49,1200,1611878400
"2021-02-01","VIF",15.58,15.58,15.49,15.49,2200,1612137600
"2021-02-02","VIF",15.49,15.49,15.49,15.49,3000,1612224000
"2021-02-03","VIF",16.04,16.04,16.04,16.04,100,1612310400
"2021-02-05","VIF",16.22,16.49,16.22,16.49,200,1612483200
"2021-02-09","VIF",15.95,16.86,15.22,16.86,1500,1612828800
"2021-02-18","VIF",15.49,16.31,15.49,16.31,1600,1613606400
"2021-02-19","VIF",16.31,16.31,16.31,16.31,200,1613692800
"2021-02-22","VIF",16.95,16.95,16.95,16.95,100,1613952000
"2021-02-23","VIF",16.68,16.68,16.68,16.68,200,1614038400
"2021-02-25","VIF",16.4,16.4,15.49,16.22,18700,1614211200
"2021-02-26","VIF",16.22,16.68,16.22,16.68,1500,1614297600
"2021-03-01","VIF",16.4,16.4,16.04,16.31,6200,1614556800
"2021-03-02","VIF",16.31,16.31,16.13,16.13,3000,1614643200
"2021-03-03","VIF",15.95,16.22,15.86,16.22,16200,1614729600
"2021-03-04","VIF",15.86,15.95,15.86,15.95,3900,1614816000
"2021-03-05","VIF",16.77,16.77,15.49,15.95,700,1614902400
"2021-03-08","VIF",15.95,15.95,15.77,15.77,1500,1615161600
"2021-03-09","VIF",16.22,16.22,16.22,16.22,200,1615248000
"2021-03-10","VIF",16.22,16.22,15.95,16.04,9300,1615334400
"2021-03-11","VIF",16.04,16.04,16.04,16.04,600,1615420800
"2021-03-12","VIF",16.04,16.4,16.04,16.13,20100,1615507200
"2021-03-15","VIF",16.13,16.13,16.13,16.13,3000,1615766400
"2021-03-16","VIF",16.13,16.13,16.04,16.04,1300,1615852800
"2021-03-17","VIF",16.13,16.13,15.77,16.04,18700,1615939200
"2021-03-18","VIF",15.95,16.04,15.95,16.04,2800,1616025600
"2021-03-19","VIF",16.04,16.04,15.77,16.04,1300,1616112000
"2021-03-22","VIF",15.77,15.95,15.77,15.95,1500,1616371200
"2021-03-23","VIF",15.77,15.77,15.77,15.77,1000,1616457600
"2021-03-24","VIF",15.77,15.95,15.4,15.95,23000,1616544000
"2021-03-25","VIF",16.22,16.22,16.22,16.22,100,1616630400
"2021-03-26","VIF",15.95,15.95,15.49,15.49,700,1616716800
"2021-03-29","VIF",15.49,15.49,15.49,15.49,100,1616976000
"2021-03-30","VIF",15.49,15.49,15.49,15.49,500,1617062400
"2021-03-31","VIF",15.49,15.49,15.49,15.49,1000,1617148800
"2021-04-02","VIF",15.4,15.4,15.4,15.4,1800,1617321600
"2021-04-05","VIF",15.31,15.4,15.31,15.4,4300,1617580800
"2021-04-06","VIF",15.49,15.49,15.49,15.49,100,1617667200
"2021-04-07","VIF",15.49,15.86,15.49,15.77,1900,1617753600
"2021-04-09","VIF",15.77,15.77,15.77,15.77,1000,1617926400
"2021-04-12","VIF",15.31,15.67,15.31,15.67,2600,1618185600
"2021-04-13","VIF",15.58,15.58,15.4,15.49,1400,1618272000
"2021-04-14","VIF",15.49,15.58,15.49,15.49,2800,1618358400
"2021-04-15","VIF",15.49,15.49,15.49,15.49,700,1618444800
"2021-04-16","VIF",15.49,15.49,15.13,15.4,19900,1618531200
"2021-04-19","VIF",15.49,15.49,15.22,15.31,5600,1618790400
"2021-04-20","VIF",15.22,15.49,15.04,15.49,4400,1618876800
"2021-04-22","VIF",15.31,15.31,15.31,15.31,2500,1619049600
"2021-04-23","VIF",14.95,16.68,14.95,16.68,1100,1619136000
"2021-04-26","VIF",15.31,15.31,15.13,15.13,5200,1619395200
"2021-04-28","VIF",15.4,15.4,15.4,15.4,100,1619568000
"2021-04-29","VIF",15.4,15.4,15.4,15.4,200,1619654400
"2021-05-04","VIF",15.04,15.31,15.04,15.31,400,1620086400
"2021-05-05","VIF",14.67,15.31,14.67,15.31,23100,1620172800
"2021-05-06","VIF",15.31,15.31,15.31,15.31,2200,1620259200
"2021-05-10","VIF",15.04,15.04,15.04,15.04,1600,1620604800
"2021-05-11","VIF",14.95,14.95,14.95,14.95,200,1620691200
"2021-05-13","VIF",15.13,15.13,15.13,15.13,1000,1620864000
"2021-05-14","VIF",15.31,15.31,15.04,15.04,3900,1620950400
"2021-05-17","VIF",15.22,15.22,15.22,15.22,100,1621209600
"2021-05-18","VIF",15.13,15.13,15.13,15.13,2200,1621296000
"2021-05-19","VIF",15.31,15.31,14.85,15.22,3300,1621382400
"2021-05-20","VIF",14.95,14.95,14.95,14.95,200,1621468800
"2021-05-21","VIF",15.22,15.22,14.95,14.95,700,1621555200
"2021-05-24","VIF",15.04,15.22,15.04,15.22,2400,1621814400
"2021-05-25","VIF",16.07,16.07,16.07,16.07,100,1621900800
"2021-05-26","VIF",15.69,16.07,15.69,16.07,2200,1621987200
"2021-05-27","VIF",15.5,15.88,15.4,15.5,2400,1622073600
"2021-05-28","VIF",15.4,16.36,15.4,16.36,1100,1622160000
"2021-05-31","VIF",15.5,16.27,15.4,16.27,1100,1622419200
"2021-06-01","VIF",14.92,16.17,14.92,16.17,3300,1622505600
"2021-06-02","VIF",15.88,15.88,15.21,15.88,2200,1622592000
"2021-06-03","VIF",15.4,15.88,15.4,15.88,400,1622678400
"2021-06-04","VIF",15.4,15.69,15.02,15.69,3300,1622764800
"2021-06-07","VIF",15.59,15.59,15.21,15.4,1000,1623024000
"2021-06-08","VIF",15.3,15.79,15.3,15.69,1000,1623110400
"2021-06-09","VIF",15.4,15.5,15.4,15.5,2400,1623196800
"2021-06-10","VIF",15.59,15.59,15.3,15.59,2500,1623283200
"2021-06-11","VIF",15.5,15.98,15.5,15.98,800,1623369600
"2021-06-14","VIF",16.07,16.07,15.98,15.98,1100,1623628800
"2021-06-15","VIF",15.98,15.98,15.98,15.98,500,1623715200
"2021-06-16","VIF",15.98,15.98,15.79,15.88,1500,1623801600
"2021-06-17","VIF",15.59,15.79,14.92,15.69,7400,1623888000
"2021-06-18","VIF",16.07,16.07,16.07,16.07,100,1623974400
"2021-06-21","VIF",15.98,15.98,15.59,15.59,1600,1624233600
"2021-06-22","VIF",15.59,15.79,15.3,15.79,3800,1624320000
"2021-06-23","VIF",15.4,15.69,15.02,15.69,8700,1624406400
"2021-06-24","VIF",15.21,15.69,15.11,15.69,34700,1624492800
"2021-06-25","VIF",15.4,15.69,15.02,15.69,2600,1624579200
"2021-06-29","VIF",15.21,15.5,15.11,15.3,4600,1624924800
"2021-06-30","VIF",15.11,15.5,14.92,15.4,9800,1625011200
"2021-07-01","VIF",15.3,15.3,15.21,15.3,600,1625097600
"2021-07-02","VIF",15.79,15.79,15.21,15.21,900,1625184000
"2021-07-05","VIF",15.3,15.4,15.02,15.3,6000,1625443200
"2021-07-06","VIF",15.11,15.4,15.02,15.4,1400,1625529600
"2021-07-07","VIF",16.27,16.27,16.27,16.27,200,1625616000
"2021-07-08","VIF",15.02,15.11,14.92,15.02,900,1625702400
"2021-07-12","VIF",14.82,14.82,14.53,14.73,2900,1626048000
"2021-07-13","VIF",14.63,15.3,14.63,14.92,700,1626134400
"2021-07-14","VIF",14.82,14.82,14.63,14.82,6100,1626220800
"2021-07-15","VIF",14.53,14.73,14.53,14.73,500,1626307200
"2021-07-16","VIF",14.73,14.73,14.73,14.73,3000,1626393600
"2021-07-19","VIF",14.53,14.53,14.53,14.53,500,1626652800
"2021-07-20","VIF",14.63,14.63,14.63,14.63,100,1626739200
"2021-07-21","VIF",14.63,14.63,14.63,14.63,300,1626825600
"2021-07-22","VIF",14.63,14.73,14.44,14.73,1900,1626912000
"2021-07-26","VIF",14.53,14.53,14.44,14.44,800,1627257600
"2021-07-27","VIF",14.63,14.63,14.63,14.63,200,1627344000
"2021-07-28","VIF",14.53,14.53,14.53,14.53,700,1627430400
"2021-07-29","VIF",14.44,14.73,14.44,14.73,600,1627516800
"2021-07-30","VIF",14.53,14.53,14.44,14.53,3500,1627603200
"2021-08-02","VIF",14.73,15.4,14.73,15.4,6500,1627862400
"2021-08-04","VIF",15.4,15.4,15.4,15.4,600,1628035200
"2021-08-05","VIF",15.4,15.5,15.4,15.5,2700,1628121600
"2021-08-06","VIF",15.79,15.79,15.02,15.5,6000,1628208000
"2021-08-10","VIF",15.21,16.17,15.21,16.17,800,1628553600
"2021-08-11","VIF",15.3,15.59,15.3,15.59,6400,1628640000
"2021-08-12","VIF",15.5,15.69,15.5,15.59,6300,1628726400
"2021-08-13","VIF",15.59,16.36,15.4,15.88,20200,1628812800
"2021-08-16","VIF",16.84,16.84,15.88,16.27,3400,1629072000
"2021-08-17","VIF",16.27,16.46,15.88,15.88,4400,1629158400
"2021-08-18","VIF",15.5,16.07,15.5,16.07,900,1629244800
"2021-08-19","VIF",15.88,16.07,15.69,16.07,8900,1629331200
"2021-08-20","VIF",15.59,15.98,15.59,15.98,6800,1629417600
"2021-08-23","VIF",15.69,15.69,15.59,15.69,3300,1629676800
"2021-08-24","VIF",15.59,15.59,15.11,15.5,5900,1629763200
"2021-08-25","VIF",15.88,15.88,15.59,15.88,3200,1629849600
"2021-08-26","VIF",15.59,15.59,15.4,15.4,2500,1629936000
"2021-08-27","VIF",15.4,15.59,15.4,15.59,3100,1630022400
"2021-08-30","VIF",16.36,16.36,15.4,15.88,1800,1630281600
"2021-08-31","VIF",15.4,15.79,15.4,15.69,4300,1630368000
"2021-09-01","VIF",15.59,15.79,15.4,15.79,9800,1630454400
"2021-09-06","VIF",16.17,16.17,15.59,15.88,1100,1630886400
"2021-09-07","VIF",15.88,15.88,15.4,15.59,4500,1630972800
"2021-09-08","VIF",16.17,16.17,15.88,15.88,700,1631059200
"2021-09-09","VIF",16.27,16.27,15.5,15.88,2400,1631145600
"2021-09-10","VIF",15.4,15.79,15.4,15.5,3500,1631232000
"2021-09-13","VIF",16.17,16.17,15.5,15.79,800,1631491200
"2021-09-14","VIF",15.98,16.17,15.69,16.17,13000,1631577600
"2021-09-15","VIF",15.5,15.5,15.4,15.4,2000,1631664000
"2021-09-16","VIF",15.69,15.69,15.5,15.5,800,1631750400
"2021-09-17","VIF",16.07,16.07,15.98,15.98,300,1631836800
"2021-09-21","VIF",15.69,15.69,15.69,15.69,200,1632182400
"2021-09-23","VIF",15.88,16.75,15.88,16.65,30400,1632355200
"2021-09-24","VIF",16.36,16.55,16.27,16.27,6800,1632441600
"2021-09-27","VIF",16.36,16.36,16.17,16.17,1800,1632700800
"2021-09-28","VIF",15.88,16.27,15.88,16.27,1400,1632787200
"2021-09-30","VIF",16.17,16.17,15.88,15.88,800,1632960000
"2021-10-04","VIF",15.88,16.36,15.79,16.27,12800,1633305600
"2021-10-05","VIF",16.36,17.23,16.36,16.84,9700,1633392000
"2021-10-06","VIF",16.55,16.55,16.55,16.55,1000,1633478400
"2021-10-07","VIF",16.36,16.46,16.36,16.36,2400,1633564800
"2021-10-08","VIF",16.36,16.36,16.17,16.17,9100,1633651200
"2021-10-11","VIF",16.27,16.27,16.27,16.27,3300,1633910400
"2021-10-12","VIF",16.27,16.27,16.27,16.27,1100,1633996800
"2021-10-13","VIF",16.17,16.17,16.17,16.17,1000,1634083200
"2021-10-14","VIF",15.79,16.36,15.79,16.36,2300,1634169600
"2021-10-15","VIF",16.36,16.36,16.36,16.36,26000,1634256000
"2021-10-18","VIF",15.88,15.88,15.88,15.88,1600,1634515200
"2021-10-19","VIF",16.46,16.46,16.36,16.36,3800,1634601600
"2021-10-20","VIF",16.55,16.55,16.36,16.36,5900,1634688000
"2021-10-21","VIF",16.27,16.27,16.27,16.27,1300,1634774400
"2021-10-22","VIF",16.27,16.27,16.27,16.27,5100,1634860800
"2021-10-25","VIF",16.27,17.32,16.27,17.23,17700,1635120000
"2021-10-26","VIF",17.23,17.61,16.84,16.94,5900,1635206400
"2021-10-27","VIF",16.84,17.32,16.84,17.04,7300,1635292800
"2021-10-28","VIF",16.84,17.32,16.84,17.23,13800,1635379200
"2021-10-29","VIF",17.23,18.86,17.23,18.86,78100,1635465600
"2021-11-01","VIF",18.77,20.69,18.77,20.69,30200,1635724800
"2021-11-02","VIF",20.69,21.18,19.35,21.18,35000,1635811200
"2021-11-03","VIF",20.21,20.21,19.06,19.06,58000,1635897600
"2021-11-04","VIF",20.21,20.21,19.25,19.25,6500,1635984000
"2021-11-05","VIF",19.25,19.73,19.06,19.73,10800,1636070400
"2021-11-08","VIF",20.21,20.69,19.44,19.83,31600,1636329600
"2021-11-09","VIF",19.83,20.21,19.73,20.21,6900,1636416000
"2021-11-10","VIF",20.21,22.23,19.83,22.04,76800,1636502400
"2021-11-11","VIF",23.58,23.58,22.14,22.62,11100,1636588800
"2021-11-12","VIF",23.58,23.58,20.79,21.18,18000,1636675200
"2021-11-15","VIF",21.18,21.75,20.21,21.18,27300,1636934400
"2021-11-16","VIF",20.31,21.08,19.83,20.79,9200,1637020800
"2021-11-17","VIF",21.66,21.66,19.83,20.12,10200,1637107200
"2021-11-18","VIF",19.83,21.75,19.64,20.02,62400,1637193600
"2021-11-19","VIF",20.69,21.95,20.02,20.02,7000,1637280000
"2021-11-22","VIF",19.83,21.08,19.83,20.02,12900,1637539200
"2021-11-23","VIF",19.73,21.18,19.73,20.21,7700,1637625600
"2021-11-24","VIF",20.69,20.69,19.25,20.21,15100,1637712000
"2021-11-25","VIF",19.25,20.21,19.25,19.44,4600,1637798400
"2021-11-26","VIF",19.92,20.21,19.64,19.92,6600,1637884800
"2021-11-29","VIF",20.21,20.21,19.44,19.92,8600,1638144000
"2021-11-30","VIF",19.83,19.92,19.25,19.25,20300,1638230400
"2021-12-01","VIF",19.25,20.69,19.25,19.35,6800,1638316800
"2021-12-02","VIF",19.44,21.08,19.44,21.08,63800,1638403200
"2021-12-03","VIF",21.08,22.14,20.02,20.21,12800,1638489600
"2021-12-06","VIF",20.21,20.21,19.83,20.12,11700,1638748800
"2021-12-07","VIF",19.25,20.12,18.19,20.12,8400,1638835200
"2021-12-08","VIF",20.12,20.12,19.25,19.83,2700,1638921600
"2021-12-09","VIF",19.83,19.92,19.35,19.92,9200,1639008000
"2021-12-10","VIF",19.73,19.73,18.86,19.64,9800,1639094400
"2021-12-13","VIF",19.73,19.83,19.25,19.44,6900,1639353600
"2021-12-14","VIF",19.44,19.83,19.44,19.73,11900,1639440000
"2021-12-15","VIF",20.21,20.21,19.44,19.83,9000,1639526400
"2021-12-16","VIF",19.64,19.83,19.64,19.64,3800,1639612800
"2021-12-17","VIF",20.31,20.31,19.73,19.92,6100,1639699200
"2021-12-20","VIF",20.02,20.12,19.83,19.92,7400,1639958400
"2021-12-21","VIF",19.73,19.92,19.73,19.92,4800,1640044800
"2021-12-22","VIF",19.92,20.41,19.64,20.12,13100,1640131200
"2021-12-23","VIF",19.73,20.31,19.73,20.21,16800,1640217600
"2021-12-24","VIF",19.73,20.21,19.73,19.92,5600,1640304000
"2021-12-27","VIF",19.64,19.83,19.64,19.64,4600,1640563200
"2021-12-28","VIF",19.64,19.64,19.44,19.54,6100,1640649600
"2021-12-29","VIF",19.54,19.64,19.54,19.64,4600,1640736000
"2021-12-30","VIF",19.54,19.64,19.54,19.64,2800,1640822400
"2021-12-31","VIF",19.35,19.54,19.35,19.54,2000,1640908800
"2022-01-05","VIF",19.64,20.69,19.64,20.6,4600,1641340800
"2022-01-06","VIF",19.83,19.83,19.83,19.83,2800,1641427200
"2022-01-10","VIF",19.73,19.73,19.64,19.73,5900,1641772800
"2022-01-11","VIF",20.02,20.02,20.02,20.02,100,1641859200
"2022-01-13","VIF",20.02,20.02,19.35,19.44,2100,1642032000
"2022-01-14","VIF",19.44,19.73,19.44,19.73,800,1642118400
"2022-01-17","VIF",19.73,19.83,19.73,19.73,6100,1642377600
"2022-01-18","VIF",19.25,19.25,18.77,18.77,12800,1642464000
"2022-01-20","VIF",18.58,18.58,18.48,18.48,200,1642636800
"2022-01-21","VIF",18.48,18.67,18.48,18.67,2200,1642723200
"2022-01-24","VIF",18.38,18.67,18.29,18.67,1500,1642982400
"2022-02-08","VIF",18.67,19.15,18.67,19.15,1800,1644278400
"2022-02-09","VIF",18.77,18.77,18.48,18.48,8800,1644364800
"2022-02-11","VIF",18.58,19.54,18.58,19.54,800,1644537600
"2022-02-14","VIF",19.25,19.44,19.25,19.25,700,1644796800
"2022-02-15","VIF",19.25,19.25,19.25,19.25,500,1644883200
"2022-02-16","VIF",19.44,19.44,19.44,19.44,100,1644969600
"2022-02-17","VIF",18.58,19.64,18.48,19.64,4800,1645056000
"2022-02-18","VIF",19.54,19.54,19.54,19.54,100,1645142400
"2022-02-21","VIF",18.29,18.77,18.29,18.77,200,1645401600
"2022-02-24","VIF",19.15,19.15,19.06,19.06,2500,1645660800
"2022-02-25","VIF",19.15,19.25,18.86,18.86,4600,1645747200
"2022-02-28","VIF",18.29,18.29,18.29,18.29,7300,1646006400
"2022-03-01","VIF",18.29,18.77,18.29,18.77,400,1646092800
"2022-03-02","VIF",18.29,18.29,18.29,18.29,2500,1646179200
"2022-03-03","VIF",18.29,18.29,18.29,18.29,2400,1646265600
"2022-03-04","VIF",18.29,18.29,18.29,18.29,2200,1646352000
"2022-03-07","VIF",18.58,18.58,18.58,18.58,2000,1646611200
"2022-03-08","VIF",18.67,18.67,18.67,18.67,100,1646697600
"2022-03-09","VIF",19.25,19.25,18.96,18.96,800,1646784000
"2022-03-10","VIF",18.96,19.06,18.96,19.06,600,1646870400
"2022-03-11","VIF",18.96,20.5,18.96,20.41,16400,1646956800
"2022-03-14","VIF",21.08,21.95,20.98,21.18,8900,1647216000
"2022-03-15","VIF",21.66,21.66,21.18,21.18,600,1647302400
"2022-03-16","VIF",19.44,20.5,19.44,19.54,5100,1647388800
"2022-03-17","VIF",19.64,19.64,18.96,19.54,6500,1647475200
"2022-03-18","VIF",19.25,20.12,19.25,19.92,400,1647561600
"2022-03-21","VIF",19.92,19.92,18.86,18.86,3400,1647820800
"2022-03-22","VIF",18.86,20.12,18.86,19.83,2300,1647907200
"2022-03-23","VIF",20.02,20.12,20.02,20.12,1700,1647993600
"2022-03-24","VIF",19.06,20.21,19.06,20.21,4300,1648080000
"2022-03-25","VIF",19.25,20.31,19.25,20.12,1500,1648166400
"2022-03-28","VIF",19.25,20.12,19.06,19.06,7800,1648425600
"2022-03-29","VIF",19.15,19.92,19.15,19.92,300,1648512000
"2022-03-30","VIF",19.92,20.12,19.83,19.92,9800,1648598400
"2022-03-31","VIF",19.73,19.92,19.73,19.92,3500,1648684800
"2022-04-01","VIF",20.02,20.02,19.92,19.92,200,1648771200
"2022-04-04","VIF",19.35,20.02,19.25,20.02,3800,1649030400
"2022-04-05","VIF",20.21,20.69,19.83,20.5,1800,1649116800
"2022-04-06","VIF",20.12,20.31,20.12,20.31,200,1649203200
"2022-04-07","VIF",20.02,20.12,20.02,20.12,900,1649289600
"2022-04-08","VIF",19.92,19.92,19.92,19.92,1600,1649376000
"2022-04-12","VIF",19.83,19.92,19.83,19.92,1100,1649721600
"2022-04-13","VIF",19.92,20.02,19.92,20.02,500,1649808000
"2022-04-14","VIF",19.92,19.92,19.92,19.92,100,1649894400
"2022-04-15","VIF",19.83,19.83,19.83,19.83,100,1649980800
"2022-04-18","VIF",19.06,19.64,19.06,19.64,2200,1650240000
"2022-04-19","VIF",18.58,19.54,18.58,19.54,200,1650326400
"2022-04-20","VIF",18.38,18.38,18.38,18.38,500,1650412800
"2022-04-21","VIF",18.29,18.29,16.65,17.61,10100,1650499200
"2022-04-22","VIF",18.86,18.86,18.86,18.86,100,1650585600
"2022-04-25","VIF",18.29,18.77,17.13,18.77,5200,1650844800
"2022-04-26","VIF",18.29,18.29,17.32,17.32,1500,1650931200
"2022-04-27","VIF",15.98,17.32,15.88,17.32,1700,1651017600
"2022-04-28","VIF",18.58,18.58,18.58,18.58,100,1651104000
"2022-05-05","VIF",17.04,17.71,16.84,17.71,3900,1651708800
"2022-05-06","VIF",17.71,18.19,17.32,17.32,4700,1651795200
"2022-05-09","VIF",18.86,18.86,18.86,18.86,100,1652054400
"2022-05-12","VIF",17.23,18.19,17.04,18.09,1200,1652313600
"2022-05-13","VIF",16.46,17.32,16.36,16.36,1500,1652400000
"2022-05-16","VIF",18,18,15.3,15.3,2300,1652659200
"2022-05-17","VIF",16.75,16.75,16.75,16.75,100,1652745600
"2022-05-18","VIF",17.52,17.52,16.17,16.17,1000,1652832000
"2022-05-19","VIF",16.46,16.46,16.46,16.46,100,1652918400
"2022-05-23","VIF",16.46,17.13,16.46,17.13,200,1653264000
"2022-05-27","VIF",15.88,17.23,15.88,17.13,2300,1653609600
"2022-05-30","VIF",16.84,17.32,15.98,17.23,400,1653868800
"2022-06-01","VIF",15.79,16.84,15.79,16.84,2100,1654041600
"2022-06-02","VIF",17.04,17.04,15.69,16.94,1200,1654128000
"2022-06-03","VIF",15.59,16.94,15.59,16.84,1600,1654214400
"2022-06-06","VIF",15.88,16.55,15.79,15.79,1400,1654473600
"2022-06-07","VIF",16.36,16.36,15.21,15.98,500,1654560000
"2022-06-08","VIF",16.07,16.07,15.88,16.07,2100,1654646400
"2022-06-09","VIF",15.98,15.98,15.98,15.98,3100,1654732800
"2022-06-10","VIF",15.98,15.98,15.21,15.79,2300,1654819200
"2022-06-13","VIF",15.5,16.36,15.5,16.36,200,1655078400
"2022-06-14","VIF",16.46,16.46,16.46,16.46,100,1655164800
"2022-06-15","VIF",15.11,15.79,15.11,15.79,300,1655251200
"2022-06-16","VIF",17.04,17.04,17.04,17.04,100,1655337600
"2022-06-17","VIF",18.67,18.67,18.67,18.67,100,1655424000
"2022-06-20","VIF",17.13,19.83,16.84,19.25,4000,1655683200
"2022-06-21","VIF",17.32,18.29,17.32,18.29,200,1655769600
"2022-06-22","VIF",16.46,16.84,16.46,16.46,700,1655856000
"2022-06-23","VIF",16.94,16.94,16.94,16.94,100,1655942400
"2022-06-24","VIF",17.71,17.71,17.71,17.71,100,1656028800
"2022-06-27","VIF",16.75,16.75,16.07,16.65,800,1656288000
"2022-06-28","VIF",16.75,16.75,16.75,16.75,100,1656374400
"2022-07-01","VIF",16.75,16.75,16.75,16.75,100,1656633600
"2022-07-04","VIF",16.75,16.75,16.65,16.65,300,1656892800
"2022-07-05","VIF",17.9,17.9,17.9,17.9,100,1656979200
"2022-07-06","VIF",17,17,16.8,16.8,200,1657065600
"2022-07-07","VIF",17.3,17.3,17.3,17.3,100,1657152000
"2022-07-08","VIF",17.6,17.8,17,17.5,500,1657238400
"2022-07-12","VIF",19,19,19,19,100,1657584000
"2022-07-13","VIF",17.1,18.8,17.1,17.2,4400,1657670400
"2022-07-14","VIF",17.2,17.2,17.2,17.2,300,1657756800
"2022-07-15","VIF",17.4,17.4,17.4,17.4,100,1657843200
"2022-07-20","VIF",17.9,17.9,17,17,500,1658275200
"2022-07-22","VIF",17.3,17.3,17.3,17.3,100,1658448000
"2022-07-25","VIF",18.9,18.9,18.9,18.9,100,1658707200
"2022-07-26","VIF",17.1,17.8,17.1,17.8,200,1658793600